function largestOfFour(arr) {
  // You can do this!
  var arr2 = [];
  var l;
  for (var i = 0; i < arr.length; i++) {
      l = Math.max(...arr[i]);
      arr2.push(l);
  }
  return arr2;
}

largestOfFour([[4, 5, 1, 3], [13, 27, 18, 26], [32, 35, 37, 39], [1000, 1001, 857, 1]]); //should return an array.
largestOfFour([[13, 27, 18, 26], [4, 5, 1, 3], [32, 35, 37, 39], [1000, 1001, 857, 1]]); //should return [27,5,39,1001].
largestOfFour([[4, 9, 1, 3], [13, 35, 18, 26], [32, 35, 97, 39], [1000000, 1001, 857, 1]]); //should return [9, 35, 97, 1000000].